3.699999999999999956e-01 -1.423924756560074418e-05
3.700999999999999845e-01 -1.802939976988049501e-05
3.701999999999999735e-01 -2.202909775309796987e-05
3.703000000000000180e-01 -2.623089166195297051e-05
3.704000000000000070e-01 -3.062813053178448357e-05
3.704999999999999960e-01 -3.521201818062358611e-05
3.705999999999999850e-01 -3.996325919496168720e-05
3.706999999999999740e-01 -4.483732299344300417e-05
3.708000000000000185e-01 -4.976168619757637433e-05
3.709000000000000075e-01 -5.468533104689610229e-05
3.709999999999999964e-01 -5.961280922471751310e-05
3.710999999999999854e-01 -6.437929206400167415e-05
3.711999999999999744e-01 -6.847102492185075883e-05
3.713000000000000189e-01 -7.130418201082099994e-05
3.714000000000000079e-01 -6.675016187012272997e-05
3.714999999999999969e-01 8.035475551775191332e-04
3.715999999999999859e-01 7.919918683454694498e-04
3.716999999999999749e-01 7.819981386409920274e-04
3.718000000000000194e-01 7.721268880651801364e-04
3.719000000000000083e-01 7.624777253217178462e-04
3.719999999999999973e-01 7.529631065280015289e-04
3.720999999999999863e-01 7.431382213931809816e-04
3.721999999999999753e-01 7.330295903529712113e-04
3.723000000000000198e-01 7.228427409546611410e-04
3.724000000000000088e-01 7.126837870234197219e-04
3.724999999999999978e-01 7.024508878175670474e-04
3.725999999999999868e-01 6.920133184749035701e-04
3.726999999999999758e-01 6.813171762717920533e-04
3.728000000000000203e-01 6.703671676553792178e-04
3.729000000000000092e-01 6.592051648919449889e-04
3.729999999999999982e-01 6.479081560446366215e-04
3.730999999999999872e-01 6.365790487353914463e-04
3.731999999999999762e-01 6.252897992325606768e-04
3.733000000000000207e-01 6.140030574150041843e-04
3.734000000000000097e-01 6.026038420978185092e-04
3.734999999999999987e-01 5.910152526228483862e-04
3.735999999999999877e-01 5.792209325938774220e-04
3.736999999999999766e-01 5.672152059574376648e-04
3.738000000000000211e-01 5.549692092176557786e-04
3.739000000000000101e-01 5.424132245554981642e-04
3.739999999999999991e-01 5.294120376803834911e-04
3.740999999999999881e-01 5.157181786813459486e-04
3.741999999999999771e-01 5.008781360462284931e-04
3.743000000000000216e-01 4.840156580775748754e-04
3.744000000000000106e-01 4.632287006829044289e-04
3.744999999999999996e-01 4.335444682413878374e-04
3.745999999999999885e-01 3.789204445004776961e-04
3.746999999999999775e-01 2.451661614765940356e-04
3.748000000000000220e-01 -4.837055353285679780e-05
3.749000000000000110e-01 -2.580276541768746997e-04
3.750000000000000000e-01 -1.529568662786444681e-03
3.750999999999999890e-01 -2.990184441842794346e-04
3.751999999999999780e-01 3.379163182907019090e-04
3.753000000000000225e-01 3.877804832965145746e-04
3.754000000000000115e-01 3.880994013805560017e-04
3.755000000000000004e-01 3.809522212827649466e-04
3.755999999999999894e-01 3.720964026146235349e-04
3.756999999999999784e-01 3.626594296809414739e-04
3.758000000000000229e-01 3.529055407062063002e-04
3.759000000000000119e-01 3.429050794263128685e-04
3.760000000000000009e-01 3.326788634275439148e-04
3.760999999999999899e-01 3.222328816074342323e-04
3.761999999999999789e-01 3.115673422625640549e-04
3.763000000000000234e-01 3.006792751557894145e-04
3.764000000000000123e-01 2.895634062457284690e-04
3.765000000000000013e-01 2.782125237424988183e-04
3.765999999999999903e-01 2.666176600264021567e-04
3.766999999999999793e-01 2.547681672260664336e-04
3.768000000000000238e-01 2.426516824392887053e-04
3.769000000000000128e-01 2.302539390206508204e-04
3.770000000000000018e-01 2.175583476960467517e-04
3.770999999999999908e-01 2.045452255853075284e-04
3.771999999999999797e-01 1.911904651418476638e-04
3.773000000000000242e-01 1.774632564039090553e-04
3.774000000000000132e-01 1.633220879280188216e-04
3.775000000000000022e-01 1.487073478988992347e-04
3.775999999999999912e-01 1.335265062410517865e-04
3.776999999999999802e-01 1.176208487450893761e-04
3.778000000000000247e-01 1.006769455175320906e-04
3.779000000000000137e-01 8.191465091114081220e-05
3.780000000000000027e-01 5.807208369546757137e-05
3.780999999999999917e-01 -2.316581925501659449e-06
3.781999999999999806e-01 -4.524159903583236129e-06
3.783000000000000251e-01 -1.230299872814499873e-05
3.784000000000000141e-01 -2.150472224758637299e-05
3.785000000000000031e-01 -3.133790903601174963e-05
3.785999999999999921e-01 -4.150135840554214367e-05
3.786999999999999811e-01 -5.184278685769772168e-05
3.788000000000000256e-01 -6.227055417769967278e-05
3.789000000000000146e-01 -7.272230478947389152e-05
3.790000000000000036e-01 -8.315158433947556014e-05
3.790999999999999925e-01 -9.352143064689710447e-05
3.791999999999999815e-01 -1.038010299499784691e-04
3.793000000000000260e-01 -1.139639108265790826e-04
3.794000000000000150e-01 -1.239869773109713018e-04
3.795000000000000040e-01 -1.338499896309816128e-04
3.795999999999999930e-01 -1.435352917860473914e-04
3.796999999999999820e-01 -1.530277024041641805e-04
3.798000000000000265e-01 -1.623145260596351347e-04
3.799000000000000155e-01 -1.713856427841750076e-04
3.800000000000000044e-01 -1.802336307920760915e-04
3.800999999999999934e-01 -1.888538851940890653e-04
3.801999999999999824e-01 -1.972447103412054909e-04
3.803000000000000269e-01 -2.054073777780718259e-04
3.804000000000000159e-01 -2.133461507798785188e-04
3.805000000000000049e-01 -2.210682793833561495e-04
3.805999999999999939e-01 -2.285839684572370429e-04
3.806999999999999829e-01 -2.359063181927400067e-04
3.808000000000000274e-01 -2.430512334205437862e-04
3.809000000000000163e-01 -2.500372964853309066e-04
3.810000000000000053e-01 -2.568855983352076513e-04
3.810999999999999943e-01 -2.636195237477825413e-04
3.811999999999999833e-01 -2.702644887025713438e-04
3.812999999999999723e-01 -2.768476302062044831e-04
3.814000000000000168e-01 -2.833974507425603118e-04
3.815000000000000058e-01 -2.899434203108427425e-04
3.815999999999999948e-01 -2.965155381836817182e-04
3.816999999999999837e-01 -3.031438538044493088e-04
3.817999999999999727e-01 -3.098579420624878312e-04
3.819000000000000172e-01 -3.166863242125823419e-04
3.820000000000000062e-01 -3.236558251165625355e-04
3.820999999999999952e-01 -3.307908646635953037e-04
3.821999999999999842e-01 -3.381126989632235133e-04
3.822999999999999732e-01 -3.456386479902693524e-04
3.824000000000000177e-01 -3.533813290428613682e-04
3.825000000000000067e-01 -3.613476947716017765e-04
3.825999999999999956e-01 -3.695365803058836486e-04
3.826999999999999846e-01 -3.779285863757863911e-04
3.827999999999999736e-01 -3.864401511247402650e-04
3.829000000000000181e-01 -3.947071395850643193e-04
3.830000000000000071e-01 -4.009688884586244608e-04
3.830999999999999961e-01 -3.956282549638869992e-04
3.831999999999999851e-01 -3.299803722731617958e-04
3.832999999999999741e-01 -2.251097043863277240e-04
3.834000000000000186e-01 -3.905208241431805611e-04
3.835000000000000075e-01 -4.317459953237685346e-04
3.835999999999999965e-01 -4.399696506339412162e-04
3.836999999999999855e-01 -4.465363351423696755e-04
3.837999999999999745e-01 -4.531500865378621456e-04
3.839000000000000190e-01 -4.594391208927701498e-04
3.840000000000000080e-01 -5.502911632790638335e-04
3.840999999999999970e-01 -5.631927237063892068e-04
3.841999999999999860e-01 -5.744807899689496726e-04
3.842999999999999750e-01 -4.816245907583842638e-04
3.844000000000000195e-01 -5.934376377871072427e-04
3.845000000000000084e-01 -9.708585821914494625e-04
3.845999999999999974e-01 -9.760411138518774446e-04
3.846999999999999864e-01 -9.167041734605050306e-04
3.847999999999999754e-01 -9.888356588826482853e-04
3.849000000000000199e-01 -9.946231482293788929e-04
3.850000000000000089e-01 -9.858275522331661975e-04
3.850999999999999979e-01 -1.135723260701459059e-03
3.851999999999999869e-01 -9.022381737765208191e-04
3.852999999999999758e-01 -9.381450042894075173e-04
3.854000000000000203e-01 -9.151688861364021613e-04
3.855000000000000093e-01 -9.115605895702994345e-04
3.855999999999999983e-01 -9.026172754728027528e-04
3.856999999999999873e-01 4.640363008927872977e-03
3.857999999999999763e-01 7.164910424810841914e-03
3.859000000000000208e-01 -1.883580310412726923e-03
3.860000000000000098e-01 1.017849285740972561e-02
3.860999999999999988e-01 1.643840788837657926e-02
3.861999999999999877e-01 1.411606795749332198e-02
3.862999999999999767e-01 1.694883817537483350e-02
3.864000000000000212e-01 1.635845583275623988e-02
3.865000000000000102e-01 1.718075877900748089e-02
3.865999999999999992e-01 1.834443823167642568e-02
3.866999999999999882e-01 1.523530454470561901e-02
3.867999999999999772e-01 -8.622754073258313964e-04
3.869000000000000217e-01 1.707949643871120235e-02
3.870000000000000107e-01 2.250969886490581523e-02
3.870999999999999996e-01 2.034028503260917539e-02
3.871999999999999886e-01 2.370320169046726336e-02
3.872999999999999776e-01 2.020998652727649600e-02
3.874000000000000221e-01 -1.181739292539952559e-03
3.875000000000000111e-01 2.224980053095748644e-02
3.876000000000000001e-01 2.025184271215384885e-02
3.876999999999999891e-01 2.540742840157598353e-02
3.877999999999999781e-01 2.929595534262202997e-02
3.879000000000000226e-01 2.874261328912592478e-02
3.880000000000000115e-01 2.748091142556527769e-02
3.881000000000000005e-01 2.734177865637630114e-02
3.881999999999999895e-01 2.518731495446942248e-02
3.882999999999999785e-01 3.125838887048317666e-02
3.884000000000000230e-01 2.382287876324683945e-02
3.885000000000000120e-01 3.300128104881707575e-02
3.886000000000000010e-01 2.807190091343354441e-02
3.886999999999999900e-01 2.896103198810796170e-02
3.887999999999999790e-01 3.411549372051392304e-02
3.889000000000000234e-01 -9.485381026879834056e-04
3.890000000000000124e-01 2.440055540093434214e-02
3.891000000000000014e-01 2.376945754837645960e-02
3.891999999999999904e-01 2.934876120606076666e-02
3.892999999999999794e-01 2.835358814435269548e-02
3.894000000000000239e-01 2.726652253731197753e-02
3.895000000000000129e-01 3.445155597731128921e-02
3.896000000000000019e-01 3.432473925505737100e-02
3.896999999999999909e-01 3.281237642931018883e-02
3.897999999999999798e-01 3.236286628477742094e-02
3.899000000000000243e-01 3.763052378180292701e-02
3.900000000000000133e-01 3.983711679243632370e-02
3.901000000000000023e-01 3.998424749135501971e-02
3.901999999999999913e-01 3.609617715137877075e-02
3.902999999999999803e-01 3.466728739956532329e-02
3.904000000000000248e-01 3.728100893692661705e-02
3.905000000000000138e-01 3.367889523488466069e-02
3.906000000000000028e-01 1.951182621667586423e-02
3.906999999999999917e-01 -3.545569234340177405e-04
3.907999999999999807e-01 -6.410937485161347310e-04
3.909000000000000252e-01 -6.374166345107049611e-04
3.910000000000000142e-01 -8.238268498176553158e-04
3.911000000000000032e-01 -6.317379448221003852e-04
3.911999999999999922e-01 9.819163888154753411e-03
3.912999999999999812e-01 1.243563938666884632e-02
3.914000000000000257e-01 2.667893456640794969e-02
3.915000000000000147e-01 3.516322200245789592e-02
3.916000000000000036e-01 3.401436235058915430e-02
3.916999999999999926e-01 3.611802547946094122e-02
3.917999999999999816e-01 3.428824045053337211e-02
3.919000000000000261e-01 3.085987876944394637e-02
3.920000000000000151e-01 3.210263996192574271e-02
3.921000000000000041e-01 3.870000246937516791e-02
3.921999999999999931e-01 3.885907221196835404e-02
3.922999999999999821e-01 4.271286791177629494e-02
3.924000000000000266e-01 4.477219695268852204e-03
3.925000000000000155e-01 4.470949484362275739e-02
3.926000000000000045e-01 4.065763459467713892e-02
3.926999999999999935e-01 4.406649947283012431e-02
3.927999999999999825e-01 4.260030897634657643e-02
3.929000000000000270e-01 4.078719781064534672e-02
3.930000000000000160e-01 4.076880671177899457e-02
3.931000000000000050e-01 4.813968701333354305e-02
3.931999999999999940e-01 4.947641095114541782e-02
3.932999999999999829e-01 4.368813261935895059e-02
3.934000000000000274e-01 4.268568714746527604e-02
3.935000000000000164e-01 4.591320568266257784e-02
3.936000000000000054e-01 4.033857779724089876e-02
3.936999999999999944e-01 4.488561994969728075e-02
3.937999999999999834e-01 5.127914211603474409e-02
3.938999999999999724e-01 4.797522417574535958e-02
3.940000000000000169e-01 4.750898605355775850e-02
3.941000000000000059e-01 4.721838945894078765e-02
3.941999999999999948e-01 5.349339602485010670e-02
3.942999999999999838e-01 5.127713243534436083e-02
3.943999999999999728e-01 5.307270975950163089e-02
3.945000000000000173e-01 5.318515071401221095e-02
3.946000000000000063e-01 4.984135414636591682e-02
3.946999999999999953e-01 5.033565181714189790e-02
3.947999999999999843e-01 5.610510243996007229e-02
3.948999999999999733e-01 5.396605934846775837e-02
3.950000000000000178e-01 5.486605242420981854e-02
3.951000000000000068e-01 5.634857135849646870e-02
3.951999999999999957e-01 5.698792564741163996e-02
3.952999999999999847e-01 5.422590277319284252e-02
3.953999999999999737e-01 5.242498940455848216e-02
3.955000000000000182e-01 5.541028722306559628e-02
3.956000000000000072e-01 5.645272166879650166e-02
3.956999999999999962e-01 5.322560374882576162e-02
3.957999999999999852e-01 5.741187411982686534e-02
3.958999999999999742e-01 5.855563064021595404e-02
3.960000000000000187e-01 5.425561725491535869e-02
3.961000000000000076e-01 5.422040867771284189e-02
3.961999999999999966e-01 6.044992740778724893e-02
3.962999999999999856e-01 6.165247276219855410e-02
3.963999999999999746e-01 5.768297854534707586e-02
3.965000000000000191e-01 5.576853726249382526e-02
3.966000000000000081e-01 5.478301652025853452e-02
3.966999999999999971e-01 -3.346124390627425036e-06
3.967999999999999861e-01 5.709211224824189967e-02
3.968999999999999750e-01 4.543771900549575804e-02
3.970000000000000195e-01 5.561563004294738100e-02
3.971000000000000085e-01 5.984482496024030179e-02
3.971999999999999975e-01 5.545221213280056988e-02
3.972999999999999865e-01 5.034369290891561877e-02
3.973999999999999755e-01 5.480770164909589542e-02
3.975000000000000200e-01 6.169005758579668153e-02
3.976000000000000090e-01 5.578097082974619453e-02
3.976999999999999980e-01 5.861936716746378451e-02
3.977999999999999869e-01 6.071823915746737965e-02
3.978999999999999759e-01 6.212128566437590677e-02
3.980000000000000204e-01 4.560026290919843434e-02
3.981000000000000094e-01 5.605223156550849517e-02
3.981999999999999984e-01 6.764721586842045720e-02
3.982999999999999874e-01 6.219176282660367899e-02
3.983999999999999764e-01 6.196512377695385237e-02
3.985000000000000209e-01 5.244099871383885170e-02
3.986000000000000099e-01 4.783445359958318766e-02
3.986999999999999988e-01 5.719639420786608308e-02
3.987999999999999878e-01 5.965459731578529046e-02
3.988999999999999768e-01 5.912920570458704561e-02
3.990000000000000213e-01 5.686734348926954924e-02
3.991000000000000103e-01 5.842887557489867545e-02
3.991999999999999993e-01 6.041925907124883616e-02
3.992999999999999883e-01 5.593453936746114324e-02
3.993999999999999773e-01 6.061500259478174585e-02
3.995000000000000218e-01 5.893643340370278982e-02
3.996000000000000107e-01 5.722629024410587351e-02
3.996999999999999997e-01 5.878361042059531555e-02
3.997999999999999887e-01 4.699377709192486402e-02
3.998999999999999777e-01 4.640443100068640525e-02
4.000000000000000222e-01 -9.248680761678587181e-04
4.001000000000000112e-01 -9.136669386034366623e-04
4.002000000000000002e-01 2.491358839345195935e-04
4.002999999999999892e-01 2.858923024400611607e-04
4.003999999999999782e-01 1.154705448365963617e-04
4.005000000000000226e-01 1.086782078373091549e-02
4.006000000000000116e-01 1.713833252012828337e-02
4.007000000000000006e-01 4.007660553409134879e-02
4.007999999999999896e-01 4.302775060565894316e-02
4.008999999999999786e-01 5.614840742756654207e-02
4.010000000000000231e-01 6.065581508097462465e-02
4.011000000000000121e-01 5.100844553110149560e-02
4.012000000000000011e-01 5.508739050793146075e-02
4.012999999999999901e-01 5.301496965076138435e-02
4.013999999999999790e-01 6.259380959657932786e-02
4.015000000000000235e-01 5.923788502167050274e-02
4.016000000000000125e-01 5.224368075686915830e-02
4.017000000000000015e-01 5.713403381296526529e-02
4.017999999999999905e-01 5.503836316524682304e-02
4.018999999999999795e-01 6.205320068273461470e-02
4.020000000000000240e-01 6.259638578329597414e-02
4.021000000000000130e-01 5.662771779119422921e-02
4.022000000000000020e-01 -6.869447705121046284e-04
4.022999999999999909e-01 6.879352279785722057e-02
4.023999999999999799e-01 6.434916210745630916e-02
4.025000000000000244e-01 6.183119248362266285e-02
4.026000000000000134e-01 7.386910737925428405e-02
4.027000000000000024e-01 5.921558091164588755e-02
4.027999999999999914e-01 5.687965882986389249e-02
4.028999999999999804e-01 5.748474316428191233e-02
4.030000000000000249e-01 6.457403708952716426e-02
4.031000000000000139e-01 6.441272218493687696e-02
4.032000000000000028e-01 6.396733790700311062e-02
4.032999999999999918e-01 6.435100040356192541e-02
4.033999999999999808e-01 6.854544982096445749e-02
4.035000000000000253e-01 6.332338513631623200e-02
4.036000000000000143e-01 1.324480172814579979e-03
4.037000000000000033e-01 5.726143210872386424e-02
4.037999999999999923e-01 5.406197701416493723e-02
4.038999999999999813e-01 6.338006818735274217e-02
4.040000000000000258e-01 5.844701425188245786e-02
4.041000000000000147e-01 6.644123745011580595e-02
4.042000000000000037e-01 6.306678833993327460e-02
4.042999999999999927e-01 6.237219548900917870e-02
4.043999999999999817e-01 6.406051890483221989e-02
4.045000000000000262e-01 5.554551709682620936e-02
4.046000000000000152e-01 6.882437765111207306e-02
4.047000000000000042e-01 4.052789231679817389e-02
4.047999999999999932e-01 6.549678501793806951e-02
4.048999999999999821e-01 6.641684332700088789e-02
4.050000000000000266e-01 6.448271692492119067e-02
4.051000000000000156e-01 6.863815051313797155e-02
4.052000000000000046e-01 7.049448069462868616e-02
4.052999999999999936e-01 6.624645364520091728e-02
4.053999999999999826e-01 1.220878423640338502e-02
4.055000000000000271e-01 6.974236042783971135e-02
4.056000000000000161e-01 6.698452046782560343e-02
4.057000000000000051e-01 6.668931630940082289e-02
4.057999999999999940e-01 6.907735420712828034e-02
4.058999999999999830e-01 6.423459874934731029e-02
4.060000000000000275e-01 7.494812233585618211e-02
4.061000000000000165e-01 7.035108496456585203e-02
4.062000000000000055e-01 6.410640515656224059e-02
4.062999999999999945e-01 6.089189568301321687e-02
4.063999999999999835e-01 6.641159939338768525e-02
4.064999999999999725e-01 6.569197121072244128e-02
4.066000000000000170e-01 7.287671703971977666e-02
4.067000000000000060e-01 7.121677591552132147e-02
4.067999999999999949e-01 6.829352162281668304e-02
4.068999999999999839e-01 3.521268585663142039e-04
4.069999999999999729e-01 7.208821116220900937e-02
4.071000000000000174e-01 6.856609666284937954e-02
4.072000000000000064e-01 6.839759740525243326e-02
4.072999999999999954e-01 7.248302928940512924e-02
4.073999999999999844e-01 6.217993276307618583e-02
4.074999999999999734e-01 6.322183458972464865e-02
4.076000000000000179e-01 6.637495027761830535e-02
4.077000000000000068e-01 6.691819318372238534e-02
4.077999999999999958e-01 7.107703169971806012e-02
4.078999999999999848e-01 7.319173927111179145e-02
4.079999999999999738e-01 6.297620625607439071e-02
4.081000000000000183e-01 6.854096375023500942e-02
4.082000000000000073e-01 7.123560688354420301e-02
4.082999999999999963e-01 6.766972955197875228e-02
4.083999999999999853e-01 6.272709069951235006e-02
4.084999999999999742e-01 6.074999197127210759e-02
4.086000000000000187e-01 7.306490644083386832e-02
4.087000000000000077e-01 6.412681096453751173e-02
4.087999999999999967e-01 7.109557733434163085e-02
4.088999999999999857e-01 5.839851179783828172e-02
4.089999999999999747e-01 5.531942282531165239e-02
4.091000000000000192e-01 5.641268055368603429e-02
4.092000000000000082e-01 5.009142444859551171e-04
4.092999999999999972e-01 -1.881832948591684101e-03
4.093999999999999861e-01 6.655840574363364919e-04
4.094999999999999751e-01 3.426885735405545770e-04
4.096000000000000196e-01 5.750323377787456810e-04
4.097000000000000086e-01 5.144971121770427645e-04
4.097999999999999976e-01 4.570978799497602517e-04
4.098999999999999866e-01 -1.865300132417589338e-03
4.099999999999999756e-01 4.298256572500676288e-04
4.101000000000000201e-01 3.996775431855246379e-04
4.102000000000000091e-01 4.193719703514350340e-04
4.102999999999999980e-01 5.337312248068570115e-04
4.103999999999999870e-01 5.486169766417492780e-04
4.104999999999999760e-01 5.586462553488400450e-04
4.106000000000000205e-01 5.655735803703699138e-04
4.107000000000000095e-01 5.698778473937605137e-04
4.107999999999999985e-01 5.596253926365788584e-04
4.108999999999999875e-01 4.116762537744550433e-04
4.109999999999999765e-01 3.887922541476066603e-04
4.111000000000000210e-01 5.479230802069911871e-04
4.112000000000000099e-01 8.671204038371327664e-04
4.112999999999999989e-01 -1.813556054022669823e-03
4.113999999999999879e-01 -1.863808852591135280e-03
4.114999999999999769e-01 3.064656427124804730e-04
4.116000000000000214e-01 7.363832772249365426e-04
4.117000000000000104e-01 5.521163807202653833e-04
4.117999999999999994e-01 6.711474743076296066e-04
4.118999999999999884e-01 4.959036523237612092e-04
4.119999999999999774e-01 -1.505984928904242730e-03
4.121000000000000218e-01 7.817216111219892766e-03
4.122000000000000108e-01 1.079614932150634553e-02
4.122999999999999998e-01 1.414623782335496134e-02
4.123999999999999888e-01 2.139958655195038639e-02
4.124999999999999778e-01 2.477790883045294726e-02
4.126000000000000223e-01 2.104743507255949636e-02
4.127000000000000113e-01 2.137444460169385385e-02
4.128000000000000003e-01 2.754254988475818636e-02
4.128999999999999893e-01 3.037359129808971450e-02
4.129999999999999782e-01 3.387447235747231833e-02
4.131000000000000227e-01 4.064907892107239712e-02
4.132000000000000117e-01 5.252292024035109391e-02
4.133000000000000007e-01 6.455159369502282141e-02
4.133999999999999897e-01 6.166884190870076249e-02
4.134999999999999787e-01 6.059908724849928652e-02
4.136000000000000232e-01 6.026945051524870006e-02
4.137000000000000122e-01 5.471442893808339814e-02
4.138000000000000012e-01 5.986724435594293486e-02
4.138999999999999901e-01 6.172852050284891035e-02
4.139999999999999791e-01 6.738237870891247705e-02
4.141000000000000236e-01 6.085181232396787154e-02
4.142000000000000126e-01 6.678835272775776599e-02
4.143000000000000016e-01 7.265504329367844516e-02
4.143999999999999906e-01 6.592841194763388035e-02
4.144999999999999796e-01 6.296687631878883362e-02
4.146000000000000241e-01 6.436034415313111878e-02
4.147000000000000131e-01 6.199825689171289955e-02
4.148000000000000020e-01 7.340675658295259254e-02
4.148999999999999910e-01 6.143899909600088194e-02
4.149999999999999800e-01 6.594737172639018874e-02
4.151000000000000245e-01 7.395027262664032042e-02
4.152000000000000135e-01 7.428856657991625423e-02
4.153000000000000025e-01 7.824958224229842940e-02
4.153999999999999915e-01 6.603408203690289136e-02
4.154999999999999805e-01 7.698788961469579806e-02
4.156000000000000250e-01 7.496655799960870448e-02
4.157000000000000139e-01 7.666066416164402098e-02
4.158000000000000029e-01 6.908170904230209741e-02
4.158999999999999919e-01 6.886245577175995058e-02
4.159999999999999809e-01 7.390752738913489162e-02
4.161000000000000254e-01 6.702065919986187337e-02
4.162000000000000144e-01 8.296963658008894849e-02
4.163000000000000034e-01 5.681533344881348202e-02
4.163999999999999924e-01 7.818014841021937722e-02
4.164999999999999813e-01 7.704561584661573370e-02
4.166000000000000258e-01 6.689689220108309409e-02
4.167000000000000148e-01 7.120002652391417552e-02
4.168000000000000038e-01 7.591997081305963679e-02
4.168999999999999928e-01 7.679417881211167418e-02
4.169999999999999818e-01 7.940226134923566992e-02
4.171000000000000263e-01 8.155604007531265520e-02
4.172000000000000153e-01 7.660088592232011662e-02
4.173000000000000043e-01 8.353249706361436100e-02
4.173999999999999932e-01 8.791054977156759209e-02
4.174999999999999822e-01 6.037674897895970588e-02
4.176000000000000267e-01 7.887267304616746300e-02
4.177000000000000157e-01 8.326407263710175477e-02
4.178000000000000047e-01 8.172612308627071054e-02
4.178999999999999937e-01 7.908986137192353105e-02
4.179999999999999827e-01 7.963713168222354144e-02
4.181000000000000272e-01 7.751003808608991630e-02
4.182000000000000162e-01 8.144535697994335910e-02
4.183000000000000052e-01 -5.932157177800194674e-04
4.183999999999999941e-01 -1.005616692560165224e-03
4.184999999999999831e-01 3.818888217545045316e-02
4.186000000000000276e-01 7.698833486265205250e-02
4.187000000000000166e-01 7.538045231014967040e-02
4.188000000000000056e-01 7.759810504949002374e-02
4.188999999999999946e-01 8.164833069899553319e-02
4.189999999999999836e-01 8.242205972548197201e-02
4.190999999999999726e-01 7.101368050927100994e-02
4.192000000000000171e-01 6.154798126962135463e-02
4.193000000000000060e-01 7.865899727322381296e-02
4.193999999999999950e-01 7.149785027849092645e-02
4.194999999999999840e-01 7.779694246726095996e-02
4.195999999999999730e-01 8.182306725422355820e-02
4.197000000000000175e-01 7.768052751387768962e-02
4.198000000000000065e-01 7.988975996959372938e-02
4.198999999999999955e-01 7.841493683783434809e-02
